,date,open,high,low,close,volume,fundname
0,2017-02-15,0.981,0.997,0.979,0.983,2492247,sz161129
1,2017-02-16,0.98,0.985,0.975,0.976,2032722,sz161129
2,2017-02-17,0.976,0.986,0.976,0.98,819223,sz161129
3,2017-02-20,0.985,0.985,0.977,0.98,381304,sz161129
4,2017-02-21,0.981,0.983,0.98,0.98,365800,sz161129
5,2017-02-22,0.985,1.027,0.985,0.995,404900,sz161129
6,2017-02-23,0.995,1.095,0.984,0.996,462102,sz161129
7,2017-02-24,0.996,1.016,0.99,0.991,176600,sz161129
8,2017-02-27,0.992,1.049,0.895,0.988,241100,sz161129
9,2017-02-28,0.993,0.993,0.979,0.987,81100,sz161129
10,2017-03-01,0.989,0.99,0.943,0.974,525201,sz161129
11,2017-03-02,0.977,0.979,0.974,0.974,451111,sz161129
12,2017-03-03,0.975,0.977,0.972,0.974,188401,sz161129
13,2017-03-06,0.978,0.978,0.973,0.976,546903,sz161129
14,2017-03-07,0.979,0.979,0.974,0.977,521422,sz161129
15,2017-03-08,0.978,0.978,0.973,0.978,117501,sz161129
16,2017-03-09,0.974,0.974,0.964,0.971,144000,sz161129
17,2017-03-10,0.975,0.975,0.956,0.97,276100,sz161129
18,2017-03-13,0.972,0.972,0.954,0.956,497701,sz161129
19,2017-03-14,0.958,0.958,0.946,0.949,1305700,sz161129
20,2017-03-15,0.943,0.948,0.943,0.947,1677395,sz161129
21,2017-03-16,0.953,0.956,0.95,0.952,1217400,sz161129
22,2017-03-17,0.952,0.952,0.947,0.948,492377,sz161129
23,2017-03-20,0.948,0.948,0.941,0.944,300001,sz161129
24,2017-03-21,0.945,0.948,0.945,0.947,839269,sz161129
25,2017-03-22,0.945,0.945,0.933,0.936,1016911,sz161129
26,2017-03-23,0.949,0.949,0.935,0.939,550711,sz161129
27,2017-03-24,0.938,0.938,0.933,0.938,69000,sz161129
28,2017-03-27,0.936,0.941,0.935,0.938,158300,sz161129
29,2017-03-28,0.939,0.947,0.938,0.941,200700,sz161129
30,2017-03-29,0.945,0.945,0.941,0.944,294200,sz161129
31,2017-03-30,0.95,0.951,0.945,0.949,365202,sz161129
32,2017-03-31,0.953,0.957,0.952,0.954,129700,sz161129
33,2017-04-05,0.96,0.968,0.96,0.967,577500,sz161129
34,2017-04-06,0.962,0.963,0.959,0.961,828114,sz161129
35,2017-04-07,0.97,0.983,0.97,0.98,468426,sz161129
36,2017-04-10,0.98,0.98,0.972,0.972,75300,sz161129
37,2017-04-11,0.984,0.985,0.978,0.978,563102,sz161129
38,2017-04-12,0.988,0.989,0.985,0.987,228800,sz161129
39,2017-04-13,0.987,0.987,0.978,0.979,66100,sz161129
40,2017-04-14,0.983,0.986,0.977,0.978,211100,sz161129
41,2017-04-17,0.985,0.985,0.976,0.978,52300,sz161129
42,2017-04-18,0.983,0.983,0.975,0.979,13100,sz161129
43,2017-04-19,0.974,0.979,0.973,0.974,44000,sz161129
44,2017-04-20,0.961,0.976,0.947,0.958,523804,sz161129
45,2017-04-21,0.964,0.964,0.964,0.964,2300,sz161129
46,2017-04-24,0.964,0.964,0.935,0.946,111500,sz161129
47,2017-04-25,0.946,0.947,0.937,0.945,86000,sz161129
48,2017-04-26,0.944,0.946,0.94,0.946,47700,sz161129
49,2017-04-27,0.946,0.947,0.943,0.947,1900,sz161129
50,2017-04-28,0.955,0.955,0.944,0.952,3700,sz161129
51,2017-05-02,0.988,0.988,0.931,0.939,152002,sz161129
52,2017-05-03,0.932,0.933,0.931,0.932,308405,sz161129
53,2017-05-04,0.928,0.929,0.925,0.927,73800,sz161129
54,2017-05-05,0.914,0.914,0.894,0.895,75000,sz161129
55,2017-05-08,0.91,0.929,0.9,0.919,94600,sz161129
56,2017-05-09,0.91,0.911,0.91,0.911,24000,sz161129
57,2017-05-10,0.905,0.905,0.898,0.898,393800,sz161129
58,2017-05-11,0.906,0.913,0.904,0.91,156300,sz161129
59,2017-05-12,0.909,0.909,0.905,0.909,337930,sz161129
60,2017-05-15,0.905,0.918,0.905,0.918,414516,sz161129
61,2017-05-16,0.918,0.925,0.918,0.925,164803,sz161129
62,2017-05-17,0.923,0.923,0.921,0.921,18900,sz161129
63,2017-05-18,0.92,0.925,0.92,0.925,19400,sz161129
64,2017-05-19,0.922,0.935,0.922,0.932,174800,sz161129
65,2017-05-22,0.944,0.945,0.942,0.943,96600,sz161129
66,2017-05-23,0.948,0.948,0.941,0.946,85703,sz161129
67,2017-05-24,0.967,0.968,0.952,0.961,455600,sz161129
68,2017-05-25,0.957,0.962,0.957,0.959,123800,sz161129
69,2017-05-26,0.93,0.935,0.925,0.935,153102,sz161129
70,2017-05-31,0.945,0.945,0.925,0.931,17100,sz161129
71,2017-06-01,0.912,0.932,0.912,0.916,23000,sz161129
72,2017-06-02,0.907,0.917,0.906,0.907,69200,sz161129
73,2017-06-05,0.898,0.905,0.896,0.904,207101,sz161129
74,2017-06-06,0.895,0.899,0.895,0.897,141400,sz161129
75,2017-06-07,0.902,0.903,0.897,0.897,48900,sz161129
76,2017-06-08,0.881,0.903,0.852,0.901,186000,sz161129
77,2017-06-09,0.895,0.895,0.865,0.888,106900,sz161129
78,2017-06-12,0.882,0.89,0.873,0.875,186700,sz161129
79,2017-06-13,0.873,0.873,0.865,0.871,555272,sz161129
80,2017-06-14,0.866,0.867,0.864,0.866,80900,sz161129
81,2017-06-15,0.857,0.857,0.848,0.848,380783,sz161129
82,2017-06-16,0.848,0.848,0.838,0.842,376001,sz161129
83,2017-06-19,0.849,0.849,0.841,0.841,160365,sz161129
84,2017-06-20,0.84,0.84,0.837,0.838,113300,sz161129
85,2017-06-21,0.837,0.837,0.819,0.824,507820,sz161129
86,2017-06-22,0.823,0.823,0.806,0.809,1159912,sz161129
87,2017-06-23,0.81,0.811,0.808,0.809,501501,sz161129
88,2017-06-26,0.814,0.816,0.811,0.815,673200,sz161129
89,2017-06-27,0.815,0.818,0.812,0.818,399910,sz161129
90,2017-06-28,0.82,0.826,0.82,0.825,840826,sz161129
91,2017-06-29,0.833,0.835,0.827,0.835,346407,sz161129
92,2017-06-30,0.837,0.842,0.835,0.84,219900,sz161129
93,2017-07-18,0.842,0.843,0.841,0.842,39600,sz161129
94,2017-07-19,0.844,0.844,0.841,0.841,30200,sz161129
95,2017-07-20,0.853,0.856,0.853,0.856,165714,sz161129
96,2017-07-21,0.853,0.853,0.852,0.853,19400,sz161129
97,2017-07-24,0.831,0.843,0.831,0.841,4000,sz161129
98,2017-07-25,0.852,0.854,0.844,0.845,304900,sz161129
99,2017-07-26,0.863,0.866,0.861,0.866,505593,sz161129
100,2017-07-27,0.872,0.873,0.871,0.873,233700,sz161129
101,2017-07-28,0.876,0.879,0.876,0.878,301275,sz161129
102,2017-07-31,0.883,0.889,0.883,0.888,166600,sz161129
103,2017-08-01,0.893,0.897,0.893,0.895,225700,sz161129
104,2017-08-02,0.882,0.882,0.874,0.877,115310,sz161129
105,2017-08-03,0.883,0.885,0.882,0.884,67900,sz161129
106,2017-08-04,0.882,0.882,0.879,0.882,19500,sz161129
107,2017-08-07,0.885,0.891,0.885,0.891,73200,sz161129
108,2017-08-08,0.882,0.886,0.882,0.886,21700,sz161129
109,2017-08-09,0.896,0.896,0.876,0.878,15800,sz161129
110,2017-08-10,0.882,0.889,0.882,0.889,6800,sz161129
111,2017-08-11,0.869,0.887,0.868,0.869,83200,sz161129
112,2017-08-14,0.868,0.869,0.868,0.869,25200,sz161129
113,2017-08-15,0.863,0.863,0.857,0.857,12700,sz161129
114,2017-08-16,0.86,0.865,0.86,0.861,10600,sz161129
115,2017-08-17,0.853,0.867,0.853,0.866,16100,sz161129
116,2017-08-18,0.856,0.857,0.856,0.857,1200,sz161129
117,2017-08-21,0.872,0.876,0.863,0.864,57700,sz161129
118,2017-08-22,0.858,0.868,0.858,0.868,10300,sz161129
119,2017-08-23,0.86,0.866,0.86,0.866,3300,sz161129
120,2017-08-24,0.878,0.878,0.858,0.858,1400,sz161129
121,2017-08-25,0.855,0.868,0.855,0.868,56100,sz161129
122,2017-08-28,0.88,0.88,0.87,0.87,10200,sz161129
123,2017-08-29,0.852,0.862,0.848,0.849,31100,sz161129
124,2017-08-30,0.845,0.864,0.845,0.864,30900,sz161129
125,2017-08-31,0.851,0.863,0.844,0.856,44700,sz161129
126,2017-09-01,0.878,0.878,0.851,0.855,1040219,sz161129
127,2017-09-04,0.858,0.858,0.854,0.857,35702,sz161129
128,2017-09-05,0.859,0.859,0.852,0.855,140900,sz161129
129,2017-09-06,0.865,0.874,0.86,0.867,489700,sz161129
130,2017-09-07,0.874,0.874,0.868,0.869,67303,sz161129
131,2017-09-08,0.866,0.871,0.866,0.868,129705,sz161129
132,2017-09-11,0.844,0.856,0.844,0.856,30800,sz161129
133,2017-09-12,0.86,0.86,0.856,0.858,170101,sz161129
134,2017-09-13,0.862,0.865,0.861,0.864,164801,sz161129
135,2017-09-14,0.872,0.877,0.872,0.876,192400,sz161129
136,2017-09-15,0.879,0.883,0.878,0.881,98800,sz161129
137,2017-09-18,0.885,0.888,0.882,0.888,206600,sz161129
138,2017-09-19,0.886,0.89,0.885,0.889,111686,sz161129
139,2017-09-20,0.89,0.89,0.882,0.884,589500,sz161129
140,2017-09-21,0.891,0.896,0.891,0.895,50202,sz161129
141,2017-09-22,0.9,0.901,0.9,0.9,81500,sz161129
142,2017-09-25,0.901,0.901,0.899,0.899,47200,sz161129
143,2017-09-26,0.921,0.942,0.92,0.924,322900,sz161129
144,2017-09-27,0.925,0.937,0.912,0.925,82100,sz161129
145,2017-09-28,0.919,0.928,0.919,0.928,10600,sz161129
146,2017-09-29,0.929,0.929,0.929,0.929,12000,sz161129
147,2017-10-09,0.901,0.928,0.846,0.889,565506,sz161129
148,2017-10-10,0.891,0.895,0.882,0.893,637634,sz161129
149,2017-10-11,0.902,0.909,0.901,0.909,120300,sz161129
150,2017-10-12,0.91,0.91,0.905,0.906,130800,sz161129
151,2017-10-13,0.903,0.906,0.898,0.906,66400,sz161129
152,2017-10-16,0.919,0.919,0.909,0.915,340700,sz161129
153,2017-10-17,0.916,0.919,0.916,0.919,16200,sz161129
154,2017-10-18,0.921,0.925,0.921,0.923,180200,sz161129
155,2017-10-19,0.924,0.925,0.923,0.925,374536,sz161129
156,2017-10-20,0.913,0.921,0.907,0.914,721628,sz161129
157,2017-10-23,0.923,0.925,0.923,0.923,92400,sz161129
158,2017-10-24,0.923,0.923,0.919,0.919,1300,sz161129
159,2017-10-25,0.928,0.928,0.928,0.928,300,sz161129
160,2017-10-26,0.925,0.926,0.925,0.926,14900,sz161129
161,2017-10-27,0.934,0.94,0.934,0.94,464100,sz161129
162,2017-10-30,0.955,0.962,0.955,0.962,31900,sz161129
163,2017-10-31,0.962,0.968,0.956,0.958,179802,sz161129
164,2017-11-01,0.964,0.966,0.963,0.966,54800,sz161129
165,2017-11-02,0.962,0.965,0.96,0.96,765713,sz161129
166,2017-11-03,0.972,0.972,0.96,0.963,606900,sz161129
167,2017-11-06,0.975,0.985,0.975,0.984,822602,sz161129
168,2017-11-07,1.008,1.011,1.007,1.009,623111,sz161129
169,2017-11-08,1.01,1.013,1.006,1.006,206909,sz161129
170,2017-11-09,1.007,1.01,1.006,1.008,307200,sz161129
171,2017-11-10,1.009,1.014,1.009,1.013,809505,sz161129
172,2017-11-13,1.014,1.014,1.009,1.012,158201,sz161129
173,2017-11-14,1.012,1.012,1.008,1.008,10200,sz161129
174,2017-11-15,0.99,0.99,0.978,0.979,308945,sz161129
175,2017-11-16,0.981,0.987,0.981,0.987,23015,sz161129
176,2017-11-17,0.987,0.987,0.981,0.984,63400,sz161129
177,2017-11-20,0.996,1.007,0.996,1.004,76500,sz161129
178,2017-11-21,1.006,1.006,0.994,1.005,14300,sz161129
179,2017-11-22,1.005,1.015,1.005,1.014,587540,sz161129
180,2017-11-23,1.014,1.014,1.006,1.007,119600,sz161129
181,2017-11-24,1.01,1.014,1.01,1.01,281909,sz161129
182,2017-11-27,1.014,1.028,1.011,1.02,997809,sz161129
183,2017-11-28,1.017,1.017,1.008,1.009,9100,sz161129
184,2017-11-29,1.017,1.017,1.004,1.017,129100,sz161129
185,2017-11-30,1.013,1.013,1.001,1.004,900,sz161129
186,2017-12-01,1.028,1.072,1.0,1.002,214711,sz161129
187,2017-12-04,1.017,1.017,1.011,1.013,393201,sz161129
188,2017-12-05,1.012,1.012,1.005,1.006,156900,sz161129
189,2017-12-06,1.005,1.005,1.002,1.003,14700,sz161129
190,2017-12-07,0.988,1.0,0.988,0.99,153407,sz161129
191,2017-12-08,0.995,0.995,0.995,0.995,9000,sz161129
192,2017-12-11,1.004,1.008,1.004,1.008,70500,sz161129
193,2017-12-12,1.023,1.028,1.02,1.027,405704,sz161129
194,2017-12-13,1.023,1.023,1.01,1.019,53600,sz161129
195,2017-12-14,1.008,1.008,1.007,1.007,2200,sz161129
196,2017-12-15,1.003,1.003,0.997,1.002,56800,sz161129
197,2017-12-19,1.015,1.015,1.012,1.012,15000,sz161129
198,2017-12-20,1.012,1.013,1.012,1.013,1300,sz161129
199,2017-12-21,1.013,1.013,1.008,1.013,52401,sz161129
200,2017-12-22,1.012,1.018,1.012,1.018,22700,sz161129
201,2017-12-25,1.003,1.012,1.003,1.012,16600,sz161129
202,2017-12-26,1.013,1.013,1.013,1.013,106700,sz161129
203,2017-12-27,1.026,1.03,1.023,1.03,416001,sz161129
204,2017-12-28,1.03,1.03,1.009,1.029,41105,sz161129
205,2017-12-29,1.031,1.039,1.03,1.031,44601,sz161129
206,2018-01-02,1.037,1.04,1.035,1.038,266802,sz161129
207,2018-01-03,1.04,1.04,1.038,1.039,25600,sz161129
208,2018-01-04,1.057,1.065,1.057,1.065,152300,sz161129
209,2018-01-05,1.057,1.062,1.057,1.062,71800,sz161129
210,2018-01-08,1.057,1.058,1.057,1.058,257103,sz161129
211,2018-01-09,1.063,1.067,1.063,1.067,529007,sz161129
212,2018-01-10,1.078,1.09,1.078,1.089,231501,sz161129
213,2018-01-11,1.083,1.098,1.083,1.09,36100,sz161129
214,2018-01-12,1.085,1.089,1.085,1.086,41000,sz161129
215,2018-01-15,1.091,1.097,1.091,1.092,143400,sz161129
216,2018-01-16,1.07,1.097,1.07,1.09,14800,sz161129
217,2018-01-17,1.077,1.081,1.077,1.081,11900,sz161129
218,2018-01-18,1.078,1.091,1.078,1.079,9500,sz161129
219,2018-01-19,1.075,1.075,1.074,1.074,52100,sz161129
220,2018-01-22,1.068,1.072,1.068,1.072,347005,sz161129
221,2018-01-23,1.075,1.077,1.073,1.077,22500,sz161129
222,2018-01-24,1.083,1.096,1.083,1.096,83000,sz161129
223,2018-01-25,1.098,1.1,1.096,1.096,216303,sz161129
224,2018-01-26,1.084,1.087,1.083,1.083,56000,sz161129
225,2018-01-29,1.092,1.099,1.092,1.093,45200,sz161129
226,2018-01-30,1.078,1.078,1.078,1.078,44100,sz161129
227,2018-01-31,1.088,1.088,1.079,1.079,2600,sz161129
228,2018-02-01,1.062,1.076,1.062,1.074,10100,sz161129
229,2018-02-02,1.076,1.094,1.076,1.077,6600,sz161129
230,2018-02-05,1.058,1.096,1.058,1.065,37200,sz161129
231,2018-02-06,1.038,1.052,1.02,1.047,28000,sz161129
232,2018-02-07,1.047,1.047,1.039,1.044,3500,sz161129
233,2018-02-08,1.016,1.016,1.016,1.016,200,sz161129
234,2018-02-09,1.008,1.008,1.008,1.008,12700,sz161129
235,2018-02-12,0.981,1.038,0.981,1.037,23800,sz161129
236,2018-02-13,1.035,1.035,0.992,1.008,26800,sz161129
237,2018-02-14,1.025,1.025,1.024,1.024,5200,sz161129
238,2018-02-22,0.94,1.03,0.94,1.03,15600,sz161129
239,2018-02-23,1.041,1.042,1.04,1.04,122003,sz161129
240,2018-02-26,1.059,1.059,1.052,1.057,23300,sz161129
241,2018-02-27,1.051,1.068,1.051,1.056,57600,sz161129
242,2018-02-28,1.041,1.055,1.041,1.042,4400,sz161129
243,2018-03-01,1.068,1.068,1.065,1.065,400,sz161129
244,2018-03-05,1.065,1.065,1.022,1.041,8384,sz161129
245,2018-03-06,1.035,1.043,1.035,1.043,11900,sz161129
246,2018-03-07,1.04,1.061,1.04,1.04,17600,sz161129
247,2018-03-08,1.02,1.02,1.02,1.02,200,sz161129
248,2018-03-12,1.031,1.06,1.031,1.05,25800,sz161129
249,2018-03-13,1.039,1.039,1.039,1.039,5600,sz161129
250,2018-03-14,1.012,1.037,1.012,1.037,300,sz161129
251,2018-03-15,1.037,1.037,1.037,1.037,1200,sz161129
252,2018-03-16,1.021,1.028,1.021,1.024,2300,sz161129
253,2018-03-19,1.038,1.071,1.038,1.068,3400,sz161129
254,2018-03-20,1.041,1.042,1.041,1.042,11300,sz161129
255,2018-03-21,1.055,1.06,1.055,1.058,3600,sz161129
256,2018-03-22,1.072,1.1,1.072,1.074,87800,sz161129
257,2018-03-23,1.071,1.078,1.07,1.077,115200,sz161129
258,2018-03-26,1.09,1.099,1.07,1.08,166901,sz161129
259,2018-03-27,1.088,1.088,1.078,1.08,150900,sz161129
260,2018-03-28,1.083,1.09,1.068,1.068,24401,sz161129
261,2018-03-29,1.068,1.069,1.068,1.069,12701,sz161129
262,2018-03-30,1.069,1.078,1.045,1.077,19310,sz161129
263,2018-04-02,1.077,1.077,1.045,1.074,36000,sz161129
264,2018-04-03,1.047,1.068,1.047,1.059,12800,sz161129
265,2018-04-04,1.059,1.059,1.056,1.057,26100,sz161129
266,2018-04-09,1.041,1.057,1.041,1.041,4400,sz161129
267,2018-04-10,1.058,1.079,1.043,1.052,47701,sz161129
268,2018-04-11,1.099,1.099,1.072,1.085,6800,sz161129
269,2018-04-12,1.098,1.109,1.095,1.096,152602,sz161129
270,2018-04-13,1.101,1.101,1.094,1.1,82500,sz161129
271,2018-04-16,1.1,1.107,1.1,1.1,18300,sz161129
272,2018-04-17,1.097,1.1,1.097,1.1,144000,sz161129
273,2018-04-18,1.1,1.103,1.072,1.1,68901,sz161129
274,2018-04-19,1.125,1.13,1.102,1.125,175500,sz161129
275,2018-04-20,1.128,1.137,1.128,1.131,91565,sz161129
276,2018-04-23,1.131,1.131,1.116,1.128,47405,sz161129
277,2018-04-24,1.12,1.147,1.12,1.143,32100,sz161129
278,2018-04-25,1.143,1.143,1.105,1.12,66360,sz161129
279,2018-04-26,1.124,1.144,1.124,1.143,135760,sz161129
280,2018-04-27,1.143,1.148,1.143,1.144,14000,sz161129
281,2018-05-02,1.121,1.144,1.121,1.144,2700,sz161129
282,2018-05-03,1.145,1.15,1.144,1.145,113600,sz161129
283,2018-05-04,1.158,1.158,1.148,1.15,1000,sz161129
284,2018-05-07,1.156,1.235,1.156,1.2,314426,sz161129
285,2018-05-08,1.17,1.189,1.17,1.18,299260,sz161129
286,2018-05-09,1.182,1.298,1.182,1.278,240300,sz161129
287,2018-05-10,1.278,1.406,1.278,1.38,638066,sz161129
288,2018-05-11,1.4,1.518,1.391,1.518,1022669,sz161129
289,2018-05-14,1.519,1.67,1.519,1.67,1245065,sz161129
290,2018-05-15,1.503,1.503,1.503,1.503,827700,sz161129
291,2018-05-16,1.353,1.353,1.353,1.353,172700,sz161129
292,2018-05-17,1.218,1.239,1.218,1.218,4111952,sz161129
293,2018-05-18,1.225,1.331,1.221,1.24,3797607,sz161129
294,2018-05-21,1.24,1.25,1.222,1.227,1052634,sz161129
295,2018-05-22,1.23,1.246,1.228,1.232,1992317,sz161129
296,2018-05-23,1.232,1.232,1.21,1.211,1551500,sz161129
297,2018-05-24,1.211,1.218,1.204,1.212,874677,sz161129
298,2018-05-25,1.2,1.2,1.19,1.193,749755,sz161129
299,2018-05-28,1.168,1.168,1.124,1.139,2270507,sz161129
300,2018-05-29,1.135,1.15,1.135,1.148,348701,sz161129
301,2018-05-30,1.149,1.166,1.143,1.148,636900,sz161129
302,2018-05-31,1.161,1.176,1.161,1.171,470120,sz161129
303,2018-06-01,1.171,1.171,1.138,1.161,184451,sz161129
304,2018-06-04,1.135,1.152,1.135,1.146,60066,sz161129
305,2018-06-05,1.138,1.148,1.136,1.137,170700,sz161129
306,2018-06-06,1.134,1.147,1.134,1.141,183500,sz161129
307,2018-06-07,1.149,1.149,1.132,1.141,68400,sz161129
308,2018-06-08,1.159,1.16,1.146,1.15,152800,sz161129
309,2018-06-11,1.142,1.148,1.13,1.139,291059,sz161129
310,2018-06-12,1.143,1.152,1.143,1.151,117479,sz161129
311,2018-06-13,1.151,1.151,1.144,1.144,143097,sz161129
312,2018-06-14,1.152,1.166,1.15,1.15,72500,sz161129
313,2018-06-15,1.151,1.157,1.15,1.157,126217,sz161129
314,2018-06-19,1.147,1.147,1.116,1.13,282700,sz161129
315,2018-06-20,1.119,1.15,1.119,1.131,112200,sz161129
316,2018-06-21,1.132,1.141,1.124,1.13,268500,sz161129
317,2018-06-22,1.141,1.148,1.141,1.147,124901,sz161129
318,2018-06-25,1.172,1.189,1.159,1.17,141700,sz161129
319,2018-06-26,1.171,1.185,1.171,1.177,245900,sz161129
320,2018-06-27,1.21,1.25,1.207,1.237,502600,sz161129
321,2018-06-28,1.258,1.36,1.258,1.266,1436098,sz161129
322,2018-06-29,1.269,1.32,1.246,1.274,969944,sz161129
323,2018-07-02,1.274,1.29,1.252,1.253,393833,sz161129
324,2018-07-03,1.253,1.283,1.253,1.275,449926,sz161129
325,2018-07-04,1.273,1.273,1.248,1.25,233300,sz161129
326,2018-07-05,1.234,1.244,1.225,1.227,474966,sz161129
327,2018-07-06,1.229,1.248,1.229,1.237,623000,sz161129
328,2018-07-09,1.249,1.279,1.249,1.263,824877,sz161129
329,2018-07-10,1.263,1.296,1.262,1.278,1031114,sz161129
330,2018-07-11,1.276,1.276,1.257,1.267,288911,sz161129
331,2018-07-12,1.23,1.241,1.23,1.239,455157,sz161129
332,2018-07-13,1.239,1.239,1.222,1.228,427490,sz161129
333,2018-07-16,1.237,1.24,1.233,1.233,129784,sz161129
334,2018-07-17,1.215,1.272,1.197,1.21,186601,sz161129
335,2018-07-18,1.222,1.222,1.203,1.205,116600,sz161129
336,2018-07-19,1.206,1.225,1.206,1.21,63300,sz161129
337,2018-07-20,1.239,1.239,1.224,1.229,183719,sz161129
338,2018-07-23,1.211,1.227,1.211,1.221,171557,sz161129
339,2018-07-24,1.225,1.244,1.224,1.23,112300,sz161129
340,2018-07-25,1.255,1.255,1.234,1.238,176500,sz161129
341,2018-07-26,1.251,1.265,1.251,1.26,206314,sz161129
342,2018-07-27,1.261,1.273,1.261,1.27,146500,sz161129
343,2018-07-30,1.269,1.269,1.252,1.261,303811,sz161129
344,2018-07-31,1.279,1.279,1.264,1.269,246600,sz161129
345,2018-08-01,1.258,1.266,1.245,1.252,170711,sz161129
346,2018-08-02,1.236,1.257,1.233,1.242,132400,sz161129
347,2018-08-03,1.25,1.269,1.249,1.26,241911,sz161129
348,2018-08-06,1.26,1.276,1.25,1.264,205400,sz161129
349,2018-08-07,1.27,1.277,1.268,1.276,422300,sz161129
350,2018-08-08,1.28,1.28,1.27,1.274,211400,sz161129
351,2018-08-09,1.27,1.27,1.224,1.239,327111,sz161129
352,2018-08-10,1.235,1.24,1.234,1.237,138013,sz161129
353,2018-08-13,1.241,1.248,1.241,1.244,163951,sz161129
354,2018-08-14,1.245,1.246,1.238,1.246,73400,sz161129
355,2018-08-15,1.245,1.245,1.235,1.241,85900,sz161129
356,2018-08-16,1.219,1.222,1.204,1.213,142651,sz161129
357,2018-08-17,1.231,1.231,1.21,1.212,83500,sz161129
358,2018-08-20,1.219,1.222,1.204,1.214,374902,sz161129
359,2018-08-21,1.22,1.223,1.217,1.217,114700,sz161129
360,2018-08-22,1.225,1.23,1.225,1.228,173631,sz161129
361,2018-08-23,1.251,1.254,1.25,1.25,341111,sz161129
362,2018-08-24,1.254,1.268,1.254,1.267,354922,sz161129
363,2018-08-27,1.272,1.279,1.26,1.261,326151,sz161129
364,2018-08-28,1.273,1.28,1.27,1.277,458700,sz161129
365,2018-08-29,1.278,1.278,1.267,1.271,164858,sz161129
366,2018-08-30,1.285,1.297,1.285,1.295,385732,sz161129
367,2018-08-31,1.296,1.3,1.294,1.294,304500,sz161129
368,2018-09-03,1.294,1.294,1.291,1.292,255400,sz161129
369,2018-09-04,1.297,1.304,1.294,1.297,203700,sz161129
370,2018-09-05,1.307,1.307,1.282,1.288,256000,sz161129
371,2018-09-06,1.274,1.286,1.274,1.28,74600,sz161129
372,2018-09-07,1.27,1.28,1.268,1.275,92900,sz161129
373,2018-09-10,1.275,1.285,1.272,1.285,94800,sz161129
374,2018-09-11,1.285,1.287,1.276,1.287,130100,sz161129
375,2018-09-12,1.303,1.387,1.303,1.31,525300,sz161129
376,2018-09-13,1.33,1.33,1.31,1.314,180500,sz161129
377,2018-09-14,1.314,1.314,1.296,1.302,221656,sz161129
378,2018-09-17,1.301,1.319,1.29,1.311,161944,sz161129
379,2018-09-18,1.311,1.311,1.3,1.304,15500,sz161129
380,2018-09-19,1.329,1.329,1.311,1.314,53400,sz161129
381,2018-09-20,1.327,1.34,1.319,1.336,143700,sz161129
382,2018-09-21,1.365,1.365,1.321,1.324,180600,sz161129
383,2018-09-25,1.36,1.389,1.336,1.389,356711,sz161129
384,2018-09-26,1.386,1.43,1.37,1.428,466934,sz161129
385,2018-09-27,1.404,1.479,1.404,1.46,621500,sz161129
386,2018-09-28,1.461,1.55,1.461,1.508,554100,sz161129
387,2018-10-08,1.508,1.657,1.461,1.64,1378599,sz161129
388,2018-10-09,1.612,1.804,1.603,1.775,1858790,sz161129
389,2018-10-10,1.775,1.925,1.775,1.906,2561627,sz161129
390,2018-10-11,1.715,1.715,1.715,1.715,486500,sz161129
391,2018-10-12,1.544,1.544,1.544,1.544,166200,sz161129
392,2018-10-15,1.39,1.39,1.39,1.39,361500,sz161129
393,2018-10-16,1.355,1.385,1.345,1.346,2653427,sz161129
394,2018-10-17,1.36,1.37,1.351,1.358,1413248,sz161129
395,2018-10-18,1.338,1.338,1.311,1.323,1921870,sz161129
396,2018-10-19,1.32,1.35,1.313,1.328,890500,sz161129
397,2018-10-22,1.324,1.36,1.324,1.359,919585,sz161129
398,2018-10-23,1.36,1.36,1.331,1.332,1287728,sz161129
399,2018-10-24,1.317,1.318,1.279,1.296,1054756,sz161129
400,2018-10-25,1.294,1.302,1.288,1.298,460148,sz161129
401,2018-10-26,1.298,1.333,1.298,1.321,758279,sz161129
402,2018-10-29,1.327,1.45,1.327,1.347,1114515,sz161129
403,2018-10-30,1.32,1.334,1.313,1.334,659508,sz161129
404,2018-10-31,1.318,1.332,1.318,1.325,845432,sz161129
405,2018-11-01,1.288,1.303,1.288,1.296,698483,sz161129
406,2018-11-02,1.277,1.279,1.261,1.278,1305679,sz161129
407,2018-11-05,1.277,1.277,1.26,1.27,980594,sz161129
408,2018-11-06,1.27,1.29,1.267,1.282,1685778,sz161129
409,2018-11-07,1.27,1.27,1.25,1.257,2663395,sz161129
410,2018-11-08,1.252,1.252,1.217,1.223,2583808,sz161129
411,2018-11-09,1.194,1.195,1.181,1.188,1906683,sz161129
412,2018-11-12,1.187,1.199,1.183,1.198,929453,sz161129
413,2018-11-13,1.173,1.173,1.15,1.164,1096955,sz161129
414,2018-11-14,1.118,1.118,1.099,1.115,2807872,sz161129
415,2018-11-15,1.122,1.123,1.115,1.123,1387836,sz161129
416,2018-11-16,1.123,1.135,1.118,1.135,1246061,sz161129
417,2018-11-19,1.138,1.148,1.138,1.14,1551500,sz161129
418,2018-11-20,1.142,1.142,1.119,1.119,757837,sz161129
419,2018-11-21,1.065,1.097,1.065,1.077,2293953,sz161129
420,2018-11-22,1.082,1.082,1.063,1.066,2630002,sz161129
421,2018-11-23,1.062,1.067,1.045,1.05,1404935,sz161129
422,2018-11-26,1.03,1.03,1.011,1.021,1418806,sz161129
423,2018-11-27,1.024,1.028,1.014,1.022,694700,sz161129
424,2018-11-28,1.028,1.043,1.018,1.04,1082980,sz161129
425,2018-11-29,1.031,1.032,1.011,1.022,1349717,sz161129
426,2018-11-30,1.031,1.033,1.025,1.027,1067300,sz161129
427,2018-12-03,1.048,1.071,1.04,1.058,1764696,sz161129
428,2018-12-04,1.079,1.079,1.051,1.053,1314945,sz161129
429,2018-12-05,1.041,1.052,1.031,1.039,876900,sz161129
430,2018-12-06,1.039,1.039,1.029,1.033,485900,sz161129
431,2018-12-07,1.02,1.022,1.013,1.018,1149017,sz161129
432,2018-12-10,1.026,1.051,1.026,1.031,1027945,sz161129
433,2018-12-11,1.025,1.027,1.016,1.019,675600,sz161129
434,2018-12-12,1.035,1.035,1.023,1.03,592634,sz161129
435,2018-12-13,1.03,1.03,1.016,1.018,829667,sz161129
436,2018-12-14,1.03,1.031,1.021,1.024,507170,sz161129
437,2018-12-17,1.011,1.017,1.01,1.013,513952,sz161129
438,2018-12-18,1.0,1.0,0.979,0.984,1600300,sz161129
439,2018-12-19,0.947,0.95,0.939,0.948,1410612,sz161129
440,2018-12-20,0.948,0.951,0.94,0.942,571278,sz161129
441,2018-12-21,0.939,0.948,0.931,0.933,782200,sz161129
442,2018-12-24,0.933,0.945,0.924,0.924,327600,sz161129
443,2018-12-25,0.908,0.908,0.879,0.88,1429569,sz161129
444,2018-12-26,0.878,0.889,0.878,0.881,545100,sz161129
445,2018-12-27,0.937,0.937,0.909,0.91,930412,sz161129
446,2018-12-28,0.92,0.92,0.914,0.919,327300,sz161129
447,2019-01-02,0.927,0.927,0.905,0.917,387200,sz161129
448,2019-01-03,0.925,0.925,0.919,0.924,456400,sz161129
449,2019-01-04,0.924,0.957,0.924,0.95,2494355,sz161129
450,2019-01-07,0.965,0.97,0.95,0.961,807985,sz161129
451,2019-01-08,0.965,0.968,0.949,0.955,866600,sz161129
452,2019-01-09,0.97,0.993,0.97,0.986,2034087,sz161129
453,2019-01-10,1.0,1.01,0.995,0.999,1091200,sz161129
454,2019-01-11,1.0,1.005,0.996,1.001,836940,sz161129
455,2019-01-14,0.983,0.998,0.967,0.97,1750500,sz161129
456,2019-01-15,0.97,0.979,0.97,0.978,544085,sz161129
457,2019-01-16,0.989,0.999,0.982,0.998,851860,sz161129
458,2019-01-17,1.0,1.0,0.985,0.993,292682,sz161129
459,2019-01-18,1.0,1.009,1.0,1.008,677800,sz161129
460,2019-01-21,1.017,1.034,1.016,1.03,919374,sz161129
461,2019-01-22,1.032,1.032,1.01,1.011,1267360,sz161129
462,2019-01-23,1.001,1.011,1.0,1.004,711960,sz161129
463,2019-01-24,1.004,1.004,0.992,0.997,207800,sz161129
464,2019-01-25,1.001,1.024,1.001,1.02,763174,sz161129
465,2019-01-28,1.022,1.022,1.006,1.007,444600,sz161129
466,2019-01-29,1.0,1.0,0.979,0.992,1912400,sz161129
467,2019-01-30,0.999,1.002,0.997,0.999,531627,sz161129
468,2019-01-31,1.02,1.021,1.012,1.021,658427,sz161129
469,2019-02-01,1.015,1.021,1.015,1.021,665985,sz161129
470,2019-02-11,1.0,1.007,0.998,1.007,579400,sz161129
471,2019-02-12,1.006,1.017,1.006,1.01,366500,sz161129
472,2019-02-13,1.017,1.021,1.015,1.019,464393,sz161129
473,2019-02-14,1.021,1.038,1.021,1.034,1362112,sz161129
474,2019-02-15,1.04,1.058,1.031,1.031,998337,sz161129
475,2019-02-18,1.05,1.061,1.05,1.061,1623648,sz161129
476,2019-02-19,1.061,1.061,1.048,1.057,477074,sz161129
477,2019-02-20,1.056,1.064,1.051,1.058,472674,sz161129
478,2019-02-21,1.07,1.07,1.061,1.065,550274,sz161129
479,2019-02-22,1.061,1.065,1.053,1.065,536900,sz161129
480,2019-02-25,1.066,1.067,1.059,1.062,2103130,sz161129
481,2019-02-26,1.049,1.049,1.022,1.032,1325711,sz161129
482,2019-02-27,1.038,1.045,1.035,1.038,908674,sz161129
483,2019-02-28,1.048,1.055,1.047,1.054,439374,sz161129
484,2019-03-01,1.058,1.068,1.056,1.068,774429,sz161129
485,2019-03-04,1.05,1.055,1.046,1.048,945028,sz161129
486,2019-03-05,1.05,1.054,1.049,1.049,487292,sz161129
487,2019-03-06,1.049,1.049,1.041,1.044,746983,sz161129
488,2019-03-07,1.046,1.051,1.04,1.05,916298,sz161129
489,2019-03-08,1.05,1.051,1.046,1.051,575994,sz161129
490,2019-03-11,1.05,1.052,1.04,1.05,459200,sz161129
491,2019-03-12,1.055,1.065,1.053,1.056,479530,sz161129
492,2019-03-13,1.066,1.068,1.057,1.06,622400,sz161129
493,2019-03-14,1.069,1.077,1.069,1.077,1167393,sz161129
494,2019-03-15,1.077,1.08,1.068,1.078,575800,sz161129
495,2019-03-18,1.078,1.078,1.068,1.074,499486,sz161129
496,2019-03-19,1.077,1.092,1.077,1.082,297317,sz161129
497,2019-03-20,1.084,1.084,1.078,1.081,163600,sz161129
498,2019-03-21,1.09,1.095,1.085,1.095,497100,sz161129
499,2019-03-22,1.093,1.093,1.087,1.093,160600,sz161129
500,2019-03-25,1.084,1.084,1.065,1.07,461456,sz161129
501,2019-03-26,1.076,1.085,1.076,1.076,222834,sz161129
502,2019-03-27,1.082,1.094,1.082,1.085,666300,sz161129
503,2019-03-28,1.079,1.085,1.076,1.079,306727,sz161129
504,2019-03-29,1.08,1.091,1.08,1.086,348215,sz161129
505,2019-04-01,1.088,1.103,1.088,1.099,391127,sz161129
506,2019-04-02,1.113,1.129,1.113,1.125,921552,sz161129
507,2019-04-03,1.127,1.166,1.127,1.141,893130,sz161129
508,2019-04-04,1.143,1.143,1.127,1.13,267748,sz161129
509,2019-04-08,1.16,1.164,1.139,1.15,335509,sz161129
510,2019-04-09,1.167,1.178,1.156,1.172,534142,sz161129
511,2019-04-10,1.17,1.17,1.16,1.165,220100,sz161129
512,2019-04-11,1.178,1.178,1.165,1.173,568209,sz161129
513,2019-04-12,1.165,1.215,1.16,1.2,726655,sz161129
514,2019-04-15,1.207,1.235,1.207,1.224,470297,sz161129
515,2019-04-16,1.223,1.235,1.218,1.232,475667,sz161129
516,2019-04-17,1.222,1.238,1.222,1.225,906102,sz161129
517,2019-04-18,1.219,1.219,1.172,1.175,1356210,sz161129
518,2019-04-19,1.184,1.186,1.149,1.15,1805905,sz161129
519,2019-04-22,1.16,1.188,1.16,1.181,2467676,sz161129
520,2019-04-23,1.186,1.275,1.186,1.237,3634121,sz161129
521,2019-04-24,1.237,1.237,1.2,1.21,1084593,sz161129
522,2019-04-25,1.207,1.239,1.192,1.23,980985,sz161129
523,2019-04-26,1.197,1.198,1.176,1.178,1791402,sz161129
524,2019-04-29,1.145,1.16,1.137,1.137,1517857,sz161129
525,2019-04-30,1.149,1.158,1.147,1.156,1180923,sz161129
526,2019-05-06,1.128,1.128,1.1,1.105,1393979,sz161129
527,2019-05-07,1.134,1.15,1.134,1.142,652463,sz161129
528,2019-05-08,1.135,1.143,1.126,1.14,493113,sz161129
529,2019-05-09,1.142,1.142,1.132,1.142,391148,sz161129
530,2019-05-10,1.147,1.169,1.141,1.157,1508675,sz161129
531,2019-05-13,1.158,1.175,1.158,1.168,1015015,sz161129
532,2019-05-14,1.168,1.182,1.164,1.17,885689,sz161129
533,2019-05-15,1.18,1.185,1.173,1.175,617763,sz161129
534,2019-05-16,1.193,1.218,1.181,1.193,1135225,sz161129
535,2019-05-17,1.209,1.218,1.193,1.196,1246918,sz161129
536,2019-05-20,1.205,1.229,1.205,1.228,1484429,sz161129
537,2019-05-21,1.228,1.228,1.185,1.211,956400,sz161129
538,2019-05-22,1.201,1.201,1.181,1.186,1048200,sz161129
539,2019-05-23,1.168,1.179,1.155,1.156,1031635,sz161129
540,2019-05-24,1.13,1.13,1.102,1.128,783275,sz161129
541,2019-05-27,1.139,1.14,1.119,1.129,254674,sz161129
542,2019-05-28,1.131,1.135,1.123,1.125,645900,sz161129
543,2019-05-29,1.123,1.123,1.116,1.118,217700,sz161129
544,2019-05-30,1.12,1.136,1.12,1.132,412317,sz161129
545,2019-05-31,1.088,1.115,1.088,1.091,1452514,sz161129
546,2019-06-03,1.041,1.052,1.041,1.052,1834272,sz161129
547,2019-06-04,1.045,1.056,1.045,1.049,980678,sz161129
548,2019-06-05,1.049,1.054,1.049,1.049,493913,sz161129
549,2019-06-06,1.028,1.038,1.027,1.027,958893,sz161129
550,2019-06-10,1.038,1.048,1.037,1.045,1058084,sz161129
551,2019-06-11,1.047,1.047,1.035,1.043,1179923,sz161129
552,2019-06-12,1.032,1.032,1.021,1.023,1566003,sz161129
553,2019-06-13,1.018,1.034,1.012,1.028,1652069,sz161129
554,2019-06-14,1.029,1.029,1.02,1.021,1201643,sz161129
555,2019-06-17,1.027,1.027,1.016,1.022,586572,sz161129
556,2019-06-18,1.014,1.021,1.011,1.015,353800,sz161129
557,2019-06-19,1.029,1.039,1.026,1.034,1751097,sz161129
558,2019-06-20,1.038,1.05,1.036,1.05,1402253,sz161129
559,2019-06-21,1.068,1.079,1.062,1.069,2039897,sz161129
560,2019-06-24,1.08,1.093,1.08,1.092,2368159,sz161129
561,2019-06-25,1.092,1.092,1.069,1.073,1777520,sz161129
562,2019-06-26,1.084,1.095,1.084,1.095,1292148,sz161129
563,2019-06-27,1.096,1.115,1.093,1.093,1129471,sz161129
564,2019-06-28,1.099,1.1,1.09,1.096,958922,sz161129
565,2019-07-01,1.096,1.11,1.096,1.109,877650,sz161129
566,2019-07-02,1.109,1.109,1.091,1.101,629308,sz161129
567,2019-07-03,1.077,1.077,1.069,1.072,815096,sz161129
568,2019-07-04,1.083,1.083,1.072,1.072,317100,sz161129
569,2019-07-05,1.067,1.075,1.067,1.071,250000,sz161129
570,2019-07-08,1.08,1.091,1.075,1.088,974600,sz161129
571,2019-07-09,1.09,1.09,1.078,1.083,275268,sz161129
572,2019-07-10,1.096,1.104,1.096,1.104,993300,sz161129
573,2019-07-11,1.128,1.133,1.123,1.13,1691900,sz161129
574,2019-07-12,1.124,1.13,1.124,1.127,1358394,sz161129
575,2019-07-15,1.124,1.124,1.114,1.114,1355352,sz161129
576,2019-07-16,1.108,1.114,1.108,1.111,968548,sz161129
577,2019-07-17,1.081,1.096,1.081,1.092,826000,sz161129
578,2019-07-18,1.09,1.09,1.083,1.088,244200,sz161129
579,2019-07-19,1.084,1.092,1.082,1.083,831300,sz161129
580,2019-07-22,1.083,1.092,1.083,1.09,613152,sz161129
581,2019-07-23,1.094,1.094,1.084,1.092,299000,sz161129
582,2019-07-24,1.098,1.101,1.093,1.097,408461,sz161129
583,2019-07-25,1.086,1.09,1.084,1.089,365600,sz161129
584,2019-07-26,1.099,1.099,1.084,1.086,308652,sz161129
585,2019-07-29,1.088,1.088,1.079,1.079,439288,sz161129
586,2019-07-30,1.083,1.088,1.082,1.084,503241,sz161129
587,2019-07-31,1.1,1.1,1.09,1.094,545707,sz161129
588,2019-08-01,1.087,1.089,1.082,1.085,404569,sz161129
589,2019-08-02,1.041,1.069,1.041,1.058,768119,sz161129
590,2019-08-05,1.058,1.067,1.058,1.062,753030,sz161129
591,2019-08-06,1.058,1.072,1.051,1.059,433714,sz161129
592,2019-08-07,1.047,1.047,1.036,1.045,445580,sz161129
593,2019-08-08,1.04,1.055,1.035,1.041,898163,sz161129
594,2019-08-09,1.046,1.046,1.029,1.035,1147533,sz161129
595,2019-08-12,1.045,1.045,1.034,1.037,926431,sz161129
596,2019-08-13,1.037,1.043,1.037,1.039,316600,sz161129
597,2019-08-14,1.055,1.071,1.052,1.065,1154329,sz161129
598,2019-08-15,1.059,1.059,1.042,1.056,359300,sz161129
599,2019-08-16,1.056,1.067,1.051,1.053,383600,sz161129
600,2019-08-19,1.062,1.07,1.052,1.063,550465,sz161129
601,2019-08-20,1.071,1.071,1.061,1.068,561519,sz161129
602,2019-08-21,1.068,1.069,1.061,1.066,269100,sz161129
603,2019-08-22,1.067,1.067,1.063,1.065,279100,sz161129
604,2019-08-23,1.065,1.065,1.059,1.064,62000,sz161129
605,2019-08-26,1.058,1.058,1.035,1.051,187800,sz161129
606,2019-08-27,1.055,1.058,1.053,1.056,49200,sz161129
607,2019-08-28,1.058,1.071,1.058,1.071,1026954,sz161129
608,2019-08-29,1.073,1.078,1.066,1.066,425300,sz161129
609,2019-08-30,1.077,1.083,1.076,1.078,849400,sz161129
610,2019-09-02,1.066,1.066,1.055,1.066,1000298,sz161129
611,2019-09-03,1.066,1.066,1.06,1.063,222654,sz161129
612,2019-09-04,1.058,1.068,1.055,1.067,521081,sz161129
613,2019-09-05,1.072,1.081,1.072,1.077,924287,sz161129
614,2019-09-06,1.083,1.088,1.078,1.081,724600,sz161129
615,2019-09-09,1.088,1.099,1.083,1.098,885200,sz161129
616,2019-09-10,1.111,1.145,1.109,1.114,1138200,sz161129
617,2019-09-11,1.115,1.116,1.105,1.105,409000,sz161129
618,2019-09-12,1.09,1.097,1.084,1.086,526400,sz161129
619,2019-09-16,1.185,1.185,1.149,1.159,3302286,sz161129
620,2019-09-17,1.17,1.206,1.163,1.205,2848757,sz161129
621,2019-09-18,1.158,1.158,1.127,1.134,1628161,sz161129
622,2019-09-19,1.125,1.129,1.118,1.127,750676,sz161129
623,2019-09-20,1.137,1.137,1.126,1.133,369368,sz161129
624,2019-09-23,1.135,1.149,1.13,1.134,442700,sz161129
625,2019-09-24,1.134,1.135,1.129,1.131,146700,sz161129
626,2019-09-25,1.111,1.115,1.103,1.108,619089,sz161129
627,2019-09-26,1.107,1.107,1.092,1.096,811843,sz161129
628,2019-09-27,1.1,1.1,1.088,1.091,286600,sz161129
629,2019-09-30,1.096,1.098,1.088,1.093,108400,sz161129
630,2019-10-08,1.04,1.078,1.04,1.073,759700,sz161129
631,2019-10-09,1.059,1.071,1.057,1.068,552500,sz161129
632,2019-10-10,1.063,1.073,1.063,1.072,261132,sz161129
633,2019-10-11,1.076,1.137,1.068,1.095,1917264,sz161129
634,2019-10-14,1.088,1.088,1.066,1.066,1756268,sz161129
635,2019-10-15,1.063,1.065,1.046,1.049,1851384,sz161129
636,2019-10-16,1.048,1.05,1.044,1.045,1527622,sz161129
637,2019-10-17,1.04,1.045,1.039,1.041,1405452,sz161129
638,2019-10-18,1.048,1.051,1.046,1.05,1498089,sz161129
639,2019-10-21,1.049,1.053,1.044,1.046,486831,sz161129
640,2019-10-22,1.045,1.047,1.043,1.043,182600,sz161129
641,2019-10-23,1.051,1.052,1.047,1.052,690000,sz161129
642,2019-10-24,1.065,1.072,1.065,1.071,1361627,sz161129
643,2019-10-25,1.08,1.08,1.077,1.079,524300,sz161129
644,2019-10-28,1.082,1.092,1.082,1.089,465731,sz161129
645,2019-10-29,1.083,1.083,1.075,1.08,469240,sz161129
646,2019-10-30,1.079,1.079,1.073,1.075,148000,sz161129
647,2019-10-31,1.075,1.076,1.072,1.073,106000,sz161129
648,2019-11-01,1.074,1.074,1.063,1.064,232400,sz161129
649,2019-11-04,1.075,1.083,1.075,1.082,424183,sz161129
650,2019-11-05,1.088,1.091,1.082,1.088,369000,sz161129
651,2019-11-06,1.091,1.093,1.089,1.09,923083,sz161129
652,2019-11-07,1.09,1.09,1.081,1.083,73900,sz161129
653,2019-11-08,1.09,1.09,1.085,1.087,155700,sz161129
654,2019-11-11,1.085,1.088,1.084,1.087,218037,sz161129
655,2019-11-12,1.09,1.095,1.081,1.095,339757,sz161129
656,2019-11-13,1.096,1.096,1.086,1.088,189200,sz161129
657,2019-11-14,1.096,1.101,1.096,1.098,430833,sz161129
658,2019-11-15,1.098,1.098,1.091,1.097,348400,sz161129
659,2019-11-18,1.103,1.11,1.103,1.106,647000,sz161129
660,2019-11-19,1.096,1.096,1.091,1.094,140600,sz161129
661,2019-11-20,1.081,1.081,1.07,1.076,277700,sz161129
662,2019-11-21,1.087,1.094,1.087,1.092,359100,sz161129
663,2019-11-22,1.106,1.114,1.106,1.112,696100,sz161129
664,2019-11-25,1.112,1.114,1.11,1.113,398100,sz161129
665,2019-11-26,1.108,1.125,1.107,1.11,203600,sz161129
666,2019-11-27,1.114,1.119,1.114,1.119,183848,sz161129
667,2019-11-28,1.113,1.126,1.1,1.115,94600,sz161129
668,2019-11-29,1.115,1.12,1.114,1.118,220174,sz161129
669,2019-12-02,1.1,1.1,1.086,1.097,314700,sz161129
670,2019-12-03,1.097,1.107,1.095,1.104,28600,sz161129
671,2019-12-04,1.11,1.11,1.098,1.103,123802,sz161129
672,2019-12-05,1.116,1.134,1.116,1.118,407941,sz161129
673,2019-12-06,1.121,1.128,1.119,1.121,369713,sz161129
674,2019-12-09,1.129,1.132,1.129,1.13,297300,sz161129
675,2019-12-10,1.137,1.137,1.13,1.134,461000,sz161129
676,2019-12-11,1.134,1.135,1.131,1.135,321100,sz161129
677,2019-12-12,1.137,1.139,1.129,1.134,17800,sz161129
678,2019-12-13,1.134,1.142,1.134,1.137,217602,sz161129
679,2019-12-16,1.143,1.145,1.14,1.14,130900,sz161129
680,2019-12-17,1.143,1.152,1.143,1.149,311174,sz161129
681,2019-12-18,1.153,1.158,1.141,1.151,305200,sz161129
682,2019-12-19,1.158,1.163,1.158,1.159,478393,sz161129
683,2019-12-20,1.163,1.168,1.163,1.166,291200,sz161129
684,2019-12-23,1.156,1.164,1.147,1.148,195500,sz161129
685,2019-12-24,1.157,1.164,1.15,1.159,148900,sz161129
686,2019-12-25,1.164,1.17,1.164,1.168,106500,sz161129
687,2019-12-26,1.18,1.18,1.169,1.171,187000,sz161129
688,2019-12-27,1.177,1.18,1.175,1.178,215600,sz161129
689,2019-12-30,1.18,1.182,1.176,1.18,223700,sz161129
690,2019-12-31,1.177,1.177,1.171,1.175,221237,sz161129
691,2020-01-02,1.174,1.174,1.163,1.167,583219,sz161129
692,2020-01-03,1.167,1.22,1.167,1.195,643337,sz161129
693,2020-01-06,1.214,1.279,1.214,1.272,2424959,sz161129
694,2020-01-07,1.253,1.253,1.205,1.226,1178230,sz161129
695,2020-01-08,1.267,1.299,1.248,1.285,2741896,sz161129
696,2020-01-09,1.21,1.233,1.2,1.204,1674477,sz161129
697,2020-01-10,1.188,1.2,1.184,1.196,727318,sz161129
698,2020-01-13,1.195,1.195,1.147,1.148,2794435,sz161129
699,2020-01-14,1.139,1.139,1.124,1.125,1950380,sz161129
700,2020-01-15,1.126,1.127,1.121,1.127,729431,sz161129
701,2020-01-16,1.127,1.13,1.127,1.128,932926,sz161129
702,2020-01-17,1.133,1.136,1.128,1.13,370684,sz161129
703,2020-01-20,1.131,1.136,1.129,1.131,576200,sz161129
704,2020-01-21,1.129,1.129,1.117,1.117,596616,sz161129
705,2020-01-22,1.119,1.12,1.112,1.117,290730,sz161129
706,2020-01-23,1.11,1.11,1.09,1.091,1070154,sz161129
707,2020-02-03,1.025,1.044,0.998,1.038,1968452,sz161129
708,2020-02-04,1.02,1.059,1.015,1.055,1187933,sz161129
709,2020-02-05,1.048,1.067,1.042,1.063,1608942,sz161129
710,2020-02-06,1.066,1.089,1.066,1.084,2342933,sz161129
711,2020-02-07,1.073,1.073,1.055,1.062,1987815,sz161129
712,2020-02-10,1.039,1.052,1.033,1.052,2709094,sz161129
713,2020-02-11,1.03,1.042,1.027,1.036,4801654,sz161129
714,2020-02-12,1.035,1.037,1.03,1.036,3398211,sz161129
715,2020-02-13,1.042,1.044,1.031,1.033,4273057,sz161129
716,2020-02-14,1.03,1.036,1.029,1.036,1351604,sz161129
717,2020-02-17,1.03,1.032,1.026,1.03,4352454,sz161129
718,2020-02-18,1.028,1.029,1.022,1.023,4307698,sz161129
719,2020-02-19,1.024,1.034,1.022,1.032,4739038,sz161129
720,2020-02-20,1.047,1.052,1.043,1.044,4489798,sz161129
721,2020-02-21,1.045,1.047,1.04,1.042,2582665,sz161129
722,2020-02-24,1.024,1.027,1.018,1.027,2692683,sz161129
723,2020-02-25,1.018,1.02,1.015,1.02,2788976,sz161129
724,2020-02-26,1.008,1.009,1.0,1.004,3829224,sz161129
725,2020-02-27,0.991,0.993,0.986,0.989,3207752,sz161129
726,2020-02-28,0.97,0.97,0.952,0.957,3820472,sz161129
727,2020-03-02,0.97,0.996,0.961,0.992,5469509,sz161129
728,2020-03-03,1.007,1.007,0.962,0.965,20556086,sz161129
729,2020-03-04,0.964,0.964,0.95,0.953,14354316,sz161129
730,2020-03-05,0.942,1.0,0.932,0.935,30712245,sz161129
731,2020-03-06,0.921,0.925,0.913,0.913,13125812,sz161129
732,2020-03-09,0.822,0.822,0.822,0.822,13368600,sz161129
733,2020-03-10,0.74,0.859,0.74,0.849,66829683,sz161129
734,2020-03-11,0.855,0.891,0.825,0.837,36918498,sz161129
735,2020-03-12,0.753,0.81,0.753,0.794,72534134,sz161129
736,2020-03-13,0.756,0.779,0.756,0.772,55965364,sz161129
737,2020-03-16,0.772,0.778,0.755,0.761,28267459,sz161129
738,2020-03-17,0.757,0.774,0.75,0.762,20838030,sz161129
739,2020-03-18,0.761,0.768,0.75,0.758,23757189,sz161129
740,2020-03-19,0.754,0.8,0.75,0.79,35822713,sz161129
741,2020-03-20,0.827,0.843,0.811,0.837,58102485,sz161129
742,2020-03-23,0.807,0.875,0.803,0.844,45764647,sz161129
743,2020-03-24,0.875,0.907,0.866,0.902,58789864,sz161129
744,2020-03-25,0.911,0.957,0.911,0.943,62524804,sz161129
745,2020-03-26,0.849,0.849,0.849,0.849,40103500,sz161129
746,2020-03-27,0.764,0.764,0.764,0.764,61402100,sz161129
747,2020-03-30,0.688,0.688,0.688,0.688,77224200,sz161129
748,2020-03-31,0.65,0.737,0.65,0.714,666318587,sz161129
749,2020-04-01,0.711,0.726,0.701,0.711,182760187,sz161129
750,2020-04-02,0.725,0.782,0.721,0.782,322173246,sz161129
751,2020-04-03,0.8,0.834,0.783,0.807,491013635,sz161129
752,2020-04-07,0.831,0.875,0.831,0.845,312192953,sz161129
753,2020-04-08,0.842,0.867,0.822,0.841,291372781,sz161129
754,2020-04-09,0.875,0.877,0.854,0.86,242938453,sz161129
755,2020-04-10,0.83,0.848,0.82,0.831,182498907,sz161129
756,2020-04-13,0.86,0.86,0.837,0.84,152582045,sz161129
757,2020-04-14,0.839,0.839,0.828,0.834,103357494,sz161129
758,2020-04-15,0.812,0.83,0.808,0.826,97252421,sz161129
759,2020-04-16,0.826,0.832,0.821,0.826,64826983,sz161129
760,2020-04-17,0.832,0.84,0.827,0.83,85683464,sz161129
761,2020-04-20,0.815,0.824,0.81,0.811,87138315,sz161129
762,2020-04-21,0.79,0.8,0.777,0.784,118271840,sz161129
763,2020-04-22,0.75,0.755,0.721,0.739,150574672,sz161129
764,2020-04-23,0.76,0.796,0.759,0.788,166998141,sz161129
765,2020-04-24,0.814,0.816,0.759,0.76,174238783,sz161129
766,2020-04-27,0.741,0.754,0.727,0.737,114001686,sz161129
767,2020-04-28,0.721,0.735,0.711,0.724,88493627,sz161129
768,2020-04-29,0.724,0.74,0.658,0.685,198094947,sz161129
769,2020-04-30,0.686,0.727,0.686,0.701,164921077,sz161129
770,2020-05-06,0.73,0.74,0.719,0.721,87570852,sz161129
771,2020-05-07,0.721,0.729,0.702,0.704,76438722,sz161129
772,2020-05-08,0.708,0.713,0.705,0.711,40436163,sz161129
773,2020-05-11,0.713,0.717,0.709,0.711,35695995,sz161129
774,2020-05-12,0.71,0.71,0.699,0.7,37730441,sz161129
775,2020-05-13,0.7,0.7,0.691,0.692,34455478,sz161129
776,2020-05-14,0.69,0.69,0.675,0.677,39120490,sz161129
777,2020-05-15,0.68,0.716,0.68,0.706,65339880,sz161129
778,2020-05-18,0.715,0.734,0.714,0.727,75858201,sz161129
779,2020-05-19,0.745,0.75,0.703,0.711,130453992,sz161129
780,2020-05-20,0.71,0.71,0.698,0.7,32696901,sz161129
781,2020-05-21,0.712,0.714,0.7,0.701,33574014,sz161129
782,2020-05-22,0.695,0.695,0.683,0.694,30310415,sz161129
783,2020-05-25,0.694,0.7,0.69,0.692,19649303,sz161129
784,2020-05-26,0.695,0.7,0.693,0.695,23823251,sz161129
785,2020-05-27,0.694,0.694,0.683,0.684,20206315,sz161129
786,2020-05-28,0.681,0.681,0.668,0.671,23379281,sz161129
787,2020-05-29,0.671,0.672,0.66,0.668,25920728,sz161129
788,2020-06-01,0.67,0.675,0.67,0.673,23872753,sz161129
789,2020-06-02,0.673,0.675,0.67,0.671,15872404,sz161129
790,2020-06-03,0.676,0.681,0.676,0.678,28929064,sz161129
791,2020-06-04,0.675,0.675,0.664,0.668,30076893,sz161129
792,2020-06-05,0.668,0.668,0.663,0.666,14273208,sz161129
793,2020-06-08,0.676,0.721,0.675,0.71,94078896,sz161129
794,2020-06-09,0.724,0.737,0.71,0.711,131471416,sz161129
795,2020-06-10,0.702,0.703,0.689,0.69,30864104,sz161129
796,2020-06-11,0.689,0.689,0.68,0.681,23500456,sz161129
797,2020-06-12,0.662,0.694,0.653,0.685,43742631,sz161129
798,2020-06-15,0.686,0.687,0.673,0.675,20966344,sz161129
799,2020-06-16,0.687,0.695,0.681,0.684,33002157,sz161129
800,2020-06-17,0.684,0.684,0.676,0.679,18819337,sz161129
801,2020-06-18,0.675,0.679,0.673,0.676,15911577,sz161129
802,2020-06-19,0.687,0.687,0.678,0.681,21884939,sz161129
803,2020-06-22,0.681,0.683,0.678,0.679,16290400,sz161129
804,2020-06-23,0.683,0.685,0.678,0.678,20180081,sz161129
805,2020-06-24,0.679,0.679,0.674,0.677,13066699,sz161129
806,2020-06-29,0.675,0.675,0.668,0.67,15364873,sz161129
807,2020-06-30,0.675,0.68,0.669,0.67,13036779,sz161129
808,2020-07-01,0.672,0.674,0.665,0.666,26278747,sz161129
809,2020-07-02,0.667,0.668,0.663,0.667,24412349,sz161129
810,2020-07-03,0.667,0.668,0.665,0.666,23789787,sz161129
811,2020-07-06,0.666,0.667,0.66,0.665,62301053,sz161129
812,2020-07-07,0.664,0.693,0.661,0.677,71499036,sz161129
813,2020-07-08,0.677,0.683,0.671,0.678,38392602,sz161129
814,2020-07-09,0.677,0.677,0.67,0.673,51921724,sz161129
815,2020-07-10,0.669,0.669,0.664,0.664,34535191,sz161129
816,2020-07-13,0.668,0.67,0.664,0.666,32977026,sz161129
817,2020-07-14,0.665,0.665,0.66,0.661,28576783,sz161129
818,2020-07-15,0.664,0.667,0.661,0.661,30186157,sz161129
819,2020-07-16,0.663,0.665,0.654,0.656,33924393,sz161129
820,2020-07-17,0.655,0.658,0.651,0.653,23434285,sz161129
821,2020-07-20,0.653,0.653,0.646,0.648,30884335,sz161129
822,2020-07-21,0.648,0.651,0.647,0.648,19649811,sz161129
823,2020-07-22,0.653,0.664,0.653,0.658,41085552,sz161129
824,2020-07-23,0.658,0.66,0.649,0.654,17358544,sz161129
825,2020-07-24,0.651,0.652,0.642,0.644,21474375,sz161129
826,2020-07-27,0.646,0.647,0.636,0.637,21767762,sz161129
827,2020-07-28,0.639,0.641,0.636,0.636,11636707,sz161129
828,2020-07-29,0.633,0.634,0.63,0.634,22168109,sz161129
829,2020-07-30,0.636,0.637,0.63,0.631,10687041,sz161129
830,2020-07-31,0.63,0.63,0.622,0.624,22810092,sz161129
831,2020-08-03,0.62,0.62,0.614,0.615,31504780,sz161129
832,2020-08-04,0.617,0.617,0.61,0.612,18796666,sz161129
833,2020-08-05,0.611,0.613,0.605,0.607,25984067,sz161129
834,2020-08-06,0.61,0.612,0.607,0.611,22249336,sz161129
835,2020-08-07,0.611,0.611,0.602,0.605,18975206,sz161129
836,2020-08-10,0.606,0.608,0.602,0.608,12898423,sz161129
837,2020-08-11,0.61,0.643,0.609,0.632,53282431,sz161129
838,2020-08-12,0.629,0.643,0.622,0.629,43066198,sz161129
839,2020-08-13,0.634,0.64,0.628,0.628,19277443,sz161129
840,2020-08-14,0.629,0.631,0.619,0.622,14453564,sz161129
841,2020-08-17,0.621,0.624,0.617,0.62,16092200,sz161129
842,2020-08-18,0.62,0.622,0.618,0.62,11310624,sz161129
843,2020-08-19,0.619,0.62,0.614,0.615,10396300,sz161129
844,2020-08-20,0.615,0.615,0.61,0.612,6381954,sz161129
845,2020-08-21,0.612,0.614,0.61,0.613,6408462,sz161129
846,2020-08-24,0.615,0.615,0.609,0.612,8714101,sz161129
847,2020-08-25,0.612,0.615,0.61,0.612,8077530,sz161129
848,2020-08-26,0.613,0.615,0.611,0.613,11074933,sz161129
849,2020-08-27,0.614,0.614,0.61,0.612,7229839,sz161129
850,2020-08-28,0.611,0.611,0.608,0.609,8004337,sz161129
851,2020-08-31,0.61,0.616,0.609,0.613,11082805,sz161129
852,2020-09-01,0.612,0.614,0.611,0.612,5281948,sz161129
853,2020-09-02,0.612,0.613,0.608,0.609,7447729,sz161129
854,2020-09-03,0.608,0.608,0.604,0.605,12956600,sz161129
855,2020-09-04,0.602,0.602,0.6,0.602,10383074,sz161129
856,2020-09-07,0.599,0.599,0.593,0.595,12648289,sz161129
857,2020-09-08,0.594,0.594,0.586,0.589,14214447,sz161129
858,2020-09-09,0.579,0.579,0.56,0.569,16371503,sz161129
859,2020-09-10,0.574,0.574,0.566,0.567,11106258,sz161129
860,2020-09-11,0.564,0.578,0.56,0.573,13814239,sz161129
861,2020-09-14,0.574,0.577,0.568,0.571,6289779,sz161129
862,2020-09-15,0.571,0.575,0.567,0.568,8488591,sz161129
863,2020-09-16,0.574,0.582,0.572,0.58,13791400,sz161129
864,2020-09-17,0.588,0.598,0.583,0.583,15853567,sz161129
865,2020-09-18,0.592,0.593,0.584,0.587,8934224,sz161129
866,2020-09-21,0.589,0.589,0.577,0.577,5824300,sz161129
867,2020-09-22,0.571,0.571,0.566,0.568,6878561,sz161129
868,2020-09-23,0.567,0.571,0.565,0.568,4620610,sz161129
869,2020-09-24,0.56,0.565,0.56,0.561,6719704,sz161129
870,2020-09-25,0.562,0.566,0.56,0.561,4805915,sz161129
871,2020-09-28,0.56,0.561,0.557,0.558,4926602,sz161129
872,2020-09-29,0.561,0.563,0.555,0.557,5081923,sz161129
873,2020-09-30,0.556,0.557,0.553,0.554,5098503,sz161129
874,2020-10-09,0.56,0.569,0.557,0.562,10360383,sz161129
875,2020-10-12,0.561,0.562,0.556,0.562,7962449,sz161129
876,2020-10-13,0.562,0.563,0.558,0.56,6547235,sz161129
877,2020-10-14,0.56,0.56,0.556,0.558,4263392,sz161129
878,2020-10-15,0.558,0.561,0.558,0.558,3846606,sz161129
879,2020-10-16,0.558,0.558,0.555,0.555,3920400,sz161129
880,2020-10-19,0.557,0.557,0.553,0.555,4801371,sz161129
881,2020-10-20,0.554,0.554,0.547,0.549,10739133,sz161129
882,2020-10-21,0.549,0.55,0.546,0.547,6848123,sz161129
883,2020-10-22,0.545,0.545,0.538,0.539,8250473,sz161129
884,2020-10-23,0.54,0.543,0.539,0.54,6213845,sz161129
885,2020-10-26,0.539,0.539,0.532,0.533,7777758,sz161129
886,2020-10-27,0.531,0.531,0.523,0.529,6695612,sz161129
887,2020-10-28,0.528,0.528,0.521,0.522,9434789,sz161129
888,2020-10-29,0.514,0.514,0.506,0.509,12337316,sz161129
889,2020-10-30,0.508,0.508,0.497,0.498,13086400,sz161129
890,2020-11-02,0.49,0.494,0.49,0.49,11149248,sz161129
891,2020-11-03,0.494,0.507,0.494,0.503,11215892,sz161129
892,2020-11-04,0.508,0.518,0.508,0.518,16183242,sz161129
893,2020-11-05,0.52,0.522,0.509,0.513,12625957,sz161129
894,2020-11-06,0.511,0.511,0.504,0.505,9669772,sz161129
895,2020-11-09,0.505,0.513,0.505,0.511,11678473,sz161129
896,2020-11-10,0.54,0.545,0.53,0.536,27419806,sz161129
897,2020-11-11,0.541,0.544,0.532,0.533,17737844,sz161129
898,2020-11-12,0.534,0.534,0.521,0.521,10964971,sz161129
899,2020-11-13,0.52,0.52,0.511,0.514,8372200,sz161129
900,2020-11-16,0.518,0.526,0.518,0.525,9290177,sz161129
901,2020-11-17,0.539,0.539,0.527,0.529,7689300,sz161129
902,2020-11-18,0.529,0.529,0.525,0.526,4972362,sz161129
903,2020-11-19,0.527,0.527,0.522,0.523,4364217,sz161129
904,2020-11-20,0.523,0.528,0.523,0.526,6195558,sz161129
905,2020-11-23,0.527,0.531,0.527,0.53,5761515,sz161129
906,2020-11-24,0.536,0.578,0.536,0.566,29431112,sz161129
907,2020-11-25,0.581,0.616,0.581,0.6,80094666,sz161129
908,2020-11-26,0.612,0.613,0.58,0.584,40923973,sz161129
909,2020-11-27,0.58,0.58,0.571,0.576,16169690,sz161129
910,2020-11-30,0.577,0.597,0.573,0.579,20489371,sz161129
911,2020-12-01,0.577,0.587,0.573,0.58,12238329,sz161129
912,2020-12-02,0.579,0.583,0.575,0.583,11311807,sz161129
913,2020-12-03,0.59,0.597,0.588,0.596,15320142,sz161129
914,2020-12-04,0.602,0.613,0.601,0.607,32058486,sz161129
915,2020-12-07,0.613,0.613,0.601,0.601,15235622,sz161129
916,2020-12-08,0.596,0.6,0.59,0.59,10382337,sz161129
917,2020-12-09,0.59,0.596,0.572,0.572,21470604,sz161129
918,2020-12-10,0.574,0.581,0.568,0.573,15606358,sz161129
919,2020-12-11,0.593,0.595,0.576,0.584,26277931,sz161129
920,2020-12-14,0.585,0.589,0.576,0.589,11154219,sz161129
921,2020-12-15,0.583,0.583,0.579,0.581,7233531,sz161129
922,2020-12-16,0.585,0.588,0.58,0.581,13945872,sz161129
923,2020-12-17,0.585,0.594,0.584,0.593,23886499,sz161129
924,2020-12-18,0.593,0.593,0.589,0.592,9930648,sz161129
925,2020-12-21,0.59,0.59,0.565,0.578,27963001,sz161129
926,2020-12-22,0.574,0.574,0.561,0.561,19173181,sz161129
927,2020-12-23,0.556,0.56,0.554,0.558,12522154,sz161129
928,2020-12-24,0.569,0.573,0.563,0.566,16251048,sz161129
929,2020-12-25,0.565,0.566,0.561,0.563,8965212,sz161129
930,2020-12-28,0.56,0.566,0.56,0.561,7939529,sz161129
931,2020-12-29,0.562,0.565,0.562,0.562,5088700,sz161129
932,2020-12-30,0.565,0.565,0.562,0.564,6862308,sz161129
933,2020-12-31,0.565,0.567,0.563,0.566,8615387,sz161129
934,2021-01-04,0.566,0.576,0.566,0.576,15797382,sz161129
935,2021-01-05,0.566,0.568,0.56,0.563,11154221,sz161129
936,2021-01-06,0.576,0.581,0.571,0.571,26970732,sz161129
937,2021-01-07,0.576,0.586,0.575,0.583,29538086,sz161129
938,2021-01-08,0.583,0.586,0.581,0.584,20051053,sz161129
939,2021-01-11,0.593,0.595,0.587,0.589,26392514,sz161129
940,2021-01-12,0.595,0.598,0.594,0.598,19226967,sz161129
941,2021-01-13,0.605,0.613,0.605,0.613,22126065,sz161129
942,2021-01-14,0.608,0.608,0.601,0.604,20140902,sz161129
943,2021-01-15,0.608,0.612,0.604,0.607,12478993,sz161129
944,2021-01-18,0.6,0.6,0.592,0.599,15731606,sz161129
945,2021-01-19,0.6,0.602,0.596,0.598,11646525,sz161129
946,2021-01-20,0.603,0.613,0.603,0.611,22791129,sz161129
947,2021-01-21,0.61,0.61,0.604,0.608,10955813,sz161129
948,2021-01-22,0.605,0.605,0.598,0.599,13528926,sz161129
949,2021-01-25,0.599,0.599,0.595,0.599,12586243,sz161129
950,2021-01-26,0.601,0.604,0.598,0.599,8380003,sz161129
951,2021-01-27,0.6,0.604,0.6,0.603,11616445,sz161129
952,2021-01-28,0.599,0.602,0.599,0.599,10167514,sz161129
953,2021-01-29,0.599,0.6,0.594,0.597,9626300,sz161129
954,2021-02-01,0.596,0.599,0.593,0.598,13882790,sz161129
955,2021-02-02,0.612,0.616,0.609,0.616,25600764,sz161129
956,2021-02-03,0.624,0.625,0.619,0.62,17722966,sz161129
957,2021-02-04,0.629,0.635,0.629,0.634,27565840,sz161129
958,2021-02-05,0.639,0.641,0.637,0.637,17680031,sz161129
959,2021-02-08,0.643,0.655,0.642,0.649,23711701,sz161129
960,2021-02-09,0.657,0.67,0.657,0.667,18996400,sz161129
961,2021-02-10,0.667,0.667,0.647,0.652,35723174,sz161129
962,2021-02-18,0.68,0.7,0.68,0.685,38385965,sz161129
963,2021-02-19,0.675,0.675,0.657,0.672,26949529,sz161129
964,2021-02-22,0.674,0.68,0.672,0.677,24331435,sz161129
965,2021-02-23,0.696,0.7,0.691,0.697,32863100,sz161129
966,2021-02-24,0.689,0.691,0.681,0.688,18972152,sz161129
967,2021-02-25,0.706,0.707,0.702,0.704,26006511,sz161129
968,2021-02-26,0.7,0.707,0.696,0.7,27964755,sz161129
969,2021-03-01,0.705,0.708,0.697,0.702,21136575,sz161129
970,2021-03-02,0.687,0.688,0.663,0.677,43434591,sz161129
971,2021-03-03,0.674,0.679,0.668,0.678,21044132,sz161129
972,2021-03-04,0.687,0.702,0.687,0.691,21759162,sz161129
973,2021-03-05,0.716,0.72,0.711,0.72,52689126,sz161129
974,2021-03-08,0.755,0.756,0.748,0.753,37098654,sz161129
975,2021-03-09,0.739,0.742,0.727,0.732,35421254,sz161129
976,2021-03-10,0.727,0.728,0.714,0.716,31290127,sz161129
977,2021-03-11,0.73,0.738,0.73,0.736,16792659,sz161129
978,2021-03-12,0.741,0.751,0.739,0.739,23068437,sz161129
979,2021-03-15,0.745,0.75,0.745,0.748,16348772,sz161129
980,2021-03-16,0.74,0.74,0.732,0.738,18501109,sz161129
981,2021-03-17,0.737,0.743,0.734,0.742,14416525,sz161129
982,2021-03-18,0.734,0.735,0.73,0.735,15494505,sz161129
983,2021-03-19,0.689,0.7,0.685,0.687,43217373,sz161129
984,2021-03-22,0.693,0.706,0.692,0.706,16060736,sz161129
985,2021-03-23,0.706,0.706,0.695,0.698,9688060,sz161129
986,2021-03-24,0.675,0.69,0.668,0.68,39114864,sz161129
987,2021-03-25,0.697,0.697,0.685,0.69,36792248,sz161129
988,2021-03-26,0.686,0.692,0.683,0.691,25399005,sz161129
989,2021-03-29,0.698,0.704,0.688,0.691,24325700,sz161129
990,2021-03-30,0.705,0.71,0.703,0.709,24843028,sz161129
991,2021-03-31,0.706,0.708,0.701,0.708,7893768,sz161129
992,2021-04-01,0.701,0.701,0.692,0.697,15542359,sz161129
993,2021-04-02,0.712,0.719,0.707,0.711,16579073,sz161129
994,2021-04-06,0.697,0.697,0.691,0.696,17606419,sz161129
995,2021-04-07,0.697,0.698,0.693,0.697,6375282,sz161129
996,2021-04-08,0.696,0.696,0.691,0.691,7005200,sz161129
997,2021-04-09,0.693,0.695,0.692,0.693,6640192,sz161129
998,2021-04-12,0.698,0.698,0.688,0.689,6115261,sz161129
999,2021-04-13,0.693,0.699,0.693,0.698,13279147,sz161129
1000,2021-04-14,0.701,0.71,0.701,0.71,14103876,sz161129
1001,2021-04-15,0.728,0.732,0.726,0.73,26371465,sz161129
1002,2021-04-16,0.733,0.736,0.728,0.732,12008834,sz161129
1003,2021-04-19,0.725,0.729,0.723,0.727,12025898,sz161129
1004,2021-04-20,0.73,0.738,0.73,0.736,11967857,sz161129
1005,2021-04-21,0.725,0.725,0.717,0.72,9693881,sz161129
1006,2021-04-22,0.71,0.712,0.705,0.708,11122546,sz161129
1007,2021-04-23,0.713,0.715,0.71,0.714,7212879,sz161129
1008,2021-04-26,0.714,0.716,0.708,0.708,6943692,sz161129
1009,2021-04-27,0.714,0.719,0.712,0.715,6671595,sz161129
1010,2021-04-28,0.721,0.723,0.717,0.722,11289656,sz161129
1011,2021-04-29,0.729,0.733,0.729,0.731,11873784,sz161129
1012,2021-04-30,0.736,0.74,0.73,0.734,9736498,sz161129
1013,2021-05-06,0.743,0.748,0.743,0.747,14265044,sz161129
1014,2021-05-07,0.739,0.743,0.737,0.741,9095106,sz161129
1015,2021-05-10,0.746,0.748,0.741,0.746,13573912,sz161129
1016,2021-05-11,0.744,0.744,0.733,0.736,6062882,sz161129
1017,2021-05-12,0.741,0.748,0.741,0.745,7641973,sz161129
1018,2021-05-13,0.746,0.75,0.743,0.745,8645721,sz161129
1019,2021-05-14,0.732,0.732,0.728,0.732,10648711,sz161129
1020,2021-05-17,0.743,0.747,0.742,0.743,9373992,sz161129
1021,2021-05-18,0.752,0.754,0.75,0.752,8635377,sz161129
1022,2021-05-19,0.744,0.744,0.737,0.741,5623334,sz161129
1023,2021-05-20,0.732,0.733,0.726,0.727,18318365,sz161129
1024,2021-05-21,0.719,0.721,0.716,0.719,8396060,sz161129
1025,2021-05-24,0.728,0.733,0.725,0.733,9051123,sz161129
1026,2021-05-25,0.745,0.747,0.741,0.744,17707022,sz161129
1027,2021-05-26,0.743,0.744,0.741,0.743,6890179,sz161129
1028,2021-05-27,0.743,0.743,0.739,0.74,3595903,sz161129
1029,2021-05-28,0.748,0.753,0.745,0.747,9706365,sz161129
1030,2021-05-31,0.747,0.748,0.742,0.747,5875646,sz161129
1031,2021-06-01,0.75,0.755,0.75,0.754,9428917,sz161129
1032,2021-06-02,0.758,0.761,0.753,0.754,8674399,sz161129
1033,2021-06-03,0.763,0.769,0.763,0.769,10468919,sz161129
1034,2021-06-04,0.765,0.772,0.763,0.772,8034649,sz161129
1035,2021-06-07,0.776,0.779,0.767,0.771,7985758,sz161129
1036,2021-06-08,0.769,0.77,0.764,0.769,5866404,sz161129
1037,2021-06-09,0.78,0.786,0.779,0.785,7780979,sz161129
1038,2021-06-10,0.782,0.782,0.776,0.779,4221761,sz161129
1039,2021-06-11,0.781,0.784,0.776,0.783,4504209,sz161129
1040,2021-06-15,0.793,0.796,0.79,0.793,5381360,sz161129
1041,2021-06-16,0.804,0.808,0.802,0.808,10494136,sz161129
1042,2021-06-17,0.796,0.808,0.796,0.803,6207778,sz161129
1043,2021-06-18,0.798,0.798,0.786,0.791,6205626,sz161129
1044,2021-06-21,0.796,0.806,0.796,0.803,6374745,sz161129
1045,2021-06-22,0.815,0.819,0.814,0.814,3909112,sz161129
1046,2021-06-23,0.814,0.821,0.814,0.821,6930551,sz161129
1047,2021-06-24,0.822,0.825,0.819,0.823,4910004,sz161129
1048,2021-06-25,0.823,0.831,0.823,0.825,5771479,sz161129
1049,2021-06-28,0.829,0.831,0.827,0.83,4500279,sz161129
1050,2021-06-29,0.822,0.822,0.812,0.818,6079846,sz161129
1051,2021-06-30,0.824,0.83,0.821,0.824,3416458,sz161129
1052,2021-07-01,0.825,0.829,0.823,0.825,3518279,sz161129
1053,2021-07-02,0.835,0.842,0.835,0.837,9051373,sz161129
